[photo-2.jpg]
filters=crop64=1,1444c132f999;finetune2=1,0.152047,0.000000,0.000000,00000000,0.000000;Boost=1,15.789473;
crop=rect64(1444c132f999)
moddate=30b51ba4f8b7d401
width=810
height=1080
textactive=0
[photo-3.jpg]
filters=fill=1,0.149533;
moddate=6012b2adf8b7d401
width=1388
height=1853
textactive=0
[photo-5.jpg]
filters=Boost=1,11.111112;finetune2=1,0.000000,0.089825,0.000000,00000000,0.000000;
moddate=8f78fca2fab7d401
width=1280
height=960
textactive=0
[photo-5.1.jpg]
filters=Boost=1,13.450292;fill=1,0.158879;
moddate=bfafd611fcb7d401
width=810
height=1080
textactive=0
